Model,RUTX09

Iteration nr.,Module name,Register name,Register number,Modbus value,Router value,Result,,CPU usage,Used RAM,Used RAM difference
1,ModuleSystem,System uptime,1,1452,1452,Passed,,3.368%,83603456,61440
2,ModuleSystem,Mobile signal strength (RSSI in dBm),3,-61,-61,Passed,,3.369%,83759104,155648
3,ModuleSystem,System temperature (in 0.1 °C),5,340,340,Passed,,3.37%,83607552,-151552
4,ModuleSystem,System hostname,7,teltonika-rutx09.com,teltonika-rutx09.com,Passed,,3.371%,83767296,159744
5,ModuleSystem,Router serial number,39,1107883912,1107883912,Passed,,3.372%,83808256,40960
6,ModuleSystem,Router name,71,rutx09,rutx09,Passed,,3.372%,83771392,-36864
7,ModuleSystem,Digital non-isolated input (4 PIN connector),324,0,0,Passed,,3.374%,83816448,45056
8,ModuleSystem,Digital open collector output (4 PIN connector),325,0,0,Passed,,3.375%,83734528,-81920
9,ModuleNetwork,LAN MAC address,55,001e4232c81d,001e4232c81d,Passed,,3.375%,83804160,69632
