Model,RUTX09

Iteration nr.,Module name,Register name,Register number,Modbus value,Router value,Result,,CPU usage,Used RAM,Used RAM difference
1,ModuleSystem,System uptime,1,891,891,Passed,,4.604%,83968000,-425984
2,ModuleSystem,Mobile signal strength (RSSI in dBm),3,-61,-61,Passed,,4.607%,83918848,-49152
3,ModuleSystem,System temperature (in 0.1 °C),5,330,330,Passed,,4.607%,84008960,90112
4,ModuleSystem,System hostname,7,teltonika-rutx09.com,teltonika-rutx09.com,Passed,,4.611%,83988480,-20480
5,ModuleSystem,Router serial number,39,1107883912,1107883912,Passed,,4.615%,84107264,118784
6,ModuleSystem,Router name,71,rutx09,rutx09,Passed,,4.615%,84180992,73728
7,ModuleSystem,Digital non-isolated input (4 PIN connector),324,0,0,Passed,,4.616%,84119552,-61440
8,ModuleSystem,Digital open collector output (4 PIN connector),325,0,0,Passed,,4.617%,84201472,81920
9,ModuleNetwork,LAN MAC address,55,001e4232c81d,001e4232c81d,Passed,,4.618%,84316160,114688
