Model,RUTX09

Iteration nr.,Module name,Register name,Register number,Modbus value,Router value,Result,,CPU usage,Used RAM,Used RAM difference
1,ModuleSystem,System uptime,1,33133,33133,Passed,,0.694%,84860928,-69632
2,ModuleSystem,Mobile signal strength (RSSI in dBm),3,-79,-79,Passed,,0.694%,84963328,102400
3,ModuleSystem,System temperature (in 0.1 °C),5,420,420,Passed,,0.694%,84873216,-90112
4,ModuleSystem,System hostname,7,teltonika-rutx09.com,teltonika-rutx09.com,Passed,,0.694%,84824064,-49152
5,ModuleSystem,Router serial number,39,1107883912,1107883912,Passed,,0.694%,84942848,118784
6,ModuleSystem,Router name,71,rutx09,rutx09,Passed,,0.694%,84922368,-20480
7,ModuleSystem,Digital non-isolated input (4 PIN connector),324,0,0,Passed,,0.694%,84860928,-61440
8,ModuleSystem,Digital open collector output (4 PIN connector),325,0,0,Passed,,0.694%,84885504,24576
9,ModuleNetwork,LAN MAC address,55,001e4232c81d,001e4232c81d,Passed,,0.694%,85065728,180224
10,ModuleNetwork,Current WAN IP address,139,84.15.161.183,84.15.161.183,Passed,,0.694%,85069824,4096
