Model,RUTX09

Iteration nr.,Module name,Register name,Register number,Modbus value,Router value,Result,,CPU usage,Used RAM,Used RAM difference
1,ModuleSystem,System uptime,1,33255,33255,Passed,,0.698%,84742144,86016
2,ModuleSystem,Mobile signal strength (RSSI in dBm),3,-79,-79,Passed,,0.698%,84811776,69632
3,ModuleSystem,System temperature (in 0.1 °C),5,430,430,Passed,,0.698%,84844544,32768
4,ModuleSystem,System hostname,7,teltonika-rutx09.com,teltonika-rutx09.com,Passed,,0.698%,84946944,102400
5,ModuleSystem,Router serial number,39,1107883912,1107883912,Passed,,0.698%,84996096,49152
6,ModuleSystem,Router name,71,rutx09,rutx09,Passed,,0.699%,85049344,53248
7,ModuleSystem,Digital non-isolated input (4 PIN connector),324,0,0,Passed,,0.699%,85016576,-32768
8,ModuleSystem,Digital open collector output (4 PIN connector),325,0,0,Passed,,0.699%,85008384,-8192
9,ModuleNetwork,LAN MAC address,55,001e4232c81d,001e4232c81d,Passed,,0.699%,85057536,49152
