Model,RUTX09

Iteration nr.,Module name,Register name,Register number,Modbus value,Router value,Result,,CPU usage,Used RAM,Used RAM difference
1,ModuleSystem,System uptime,1,24790,24790,Passed,,0.66%,84193280,-118784
2,ModuleSystem,Mobile signal strength (RSSI in dBm),3,-77,-77,Passed,,0.66%,84262912,69632
3,ModuleSystem,System temperature (in 0.1 °C),5,410,410,Passed,,0.66%,84279296,16384
4,ModuleSystem,System hostname,7,teltonika-rutx09.com,teltonika-rutx09.com,Passed,,0.66%,84283392,4096
5,ModuleSystem,Router serial number,39,1107883912,1107883912,Passed,,0.66%,84283392,0
6,ModuleSystem,Router name,71,rutx09,rutx09,Passed,,0.66%,84389888,106496
7,ModuleSystem,Digital non-isolated input (4 PIN connector),324,0,0,Passed,,0.66%,84271104,-118784
8,ModuleSystem,Digital open collector output (4 PIN connector),325,0,0,Passed,,0.66%,84291584,20480
9,ModuleNetwork,LAN MAC address,55,001e4232c81d,001e4232c81d,Passed,,0.66%,84377600,86016
10,ModuleNetwork,Current WAN IP address,139,84.15.161.183,84.15.161.183,Passed,,0.661%,84410368,32768
11,ModuleMobile,IMSI,348,246020102861314,246020102861314,Passed,,0.661%,84475904,65536
