Model,RUTX09

Iteration nr.,Module name,Register name,Register number,Modbus value,Router value,Result,,CPU usage,Used RAM,Used RAM difference
1,ModuleSystem,System uptime,1,30075,30075,Passed,,0.664%,85028864,-53248
2,ModuleSystem,Mobile signal strength (RSSI in dBm),3,-79,-79,Passed,,0.664%,85065728,36864
3,ModuleSystem,System temperature (in 0.1 °C),5,410,410,Passed,,0.664%,85082112,16384
4,ModuleSystem,System hostname,7,teltonika-rutx09.com,teltonika-rutx09.com,Passed,,0.664%,85192704,110592
5,ModuleSystem,Router serial number,39,1107883912,1107883912,Passed,,0.664%,85229568,36864
6,ModuleSystem,Router name,71,rutx09,rutx09,Passed,,0.664%,85315584,86016
7,ModuleSystem,Digital non-isolated input (4 PIN connector),324,0,0,Passed,,0.664%,85340160,24576
8,ModuleSystem,Digital open collector output (4 PIN connector),325,0,0,Passed,,0.664%,85344256,4096
9,ModuleNetwork,LAN MAC address,55,001e4232c81d,001e4232c81d,Passed,,0.664%,85315584,-28672
